              precision    recall  f1-score   support

     class_0     0.7222    0.7800    0.7500        50
     class_1     0.6182    0.6800    0.6476        50
     class_2     0.3030    0.2000    0.2410        50
     class_3     0.3182    0.2800    0.2979        50
     class_4     0.4035    0.4600    0.4299        50
     class_5     0.1905    0.0800    0.1127        50
     class_6     0.6111    0.6600    0.6346        50
     class_7     0.3750    0.3600    0.3673        50
     class_8     0.5147    0.7000    0.5932        50
     class_9     0.5000    0.5200    0.5098        50
    class_10     0.3673    0.3600    0.3636        50
    class_11     0.7297    0.5400    0.6207        50
    class_12     0.7812    0.5000    0.6098        50
    class_13     0.7647    0.5200    0.6190        50
    class_14     0.3929    0.4400    0.4151        50
    class_15     0.5946    0.4400    0.5057        50
    class_16     0.3265    0.3200    0.3232        50
    class_17     0.6750    0.5400    0.6000        50
    class_18     0.5417    0.5200    0.5306        50
    class_19     0.5333    0.6400    0.5818        50
    class_20     0.7083    0.6800    0.6939        50
    class_21     0.7167    0.8600    0.7818        50
    class_22     0.8000    0.4000    0.5333        50
    class_23     0.3333    0.4600    0.3866        50
    class_24     0.1803    0.2200    0.1982        50
    class_25     0.6071    0.3400    0.4359        50
    class_26     0.2500    0.2400    0.2449        50
    class_27     0.3721    0.3200    0.3441        50
    class_28     0.4516    0.5600    0.5000        50
    class_29     0.2308    0.1800    0.2022        50
    class_30     0.4634    0.3800    0.4176        50
    class_31     0.5000    0.5400    0.5192        50
    class_32     0.4655    0.5400    0.5000        50
    class_33     0.6200    0.6200    0.6200        50
    class_34     0.4634    0.3800    0.4176        50
    class_35     0.3590    0.2800    0.3146        50
    class_36     0.3462    0.3600    0.3529        50
    class_37     0.4375    0.2800    0.3415        50
    class_38     0.4407    0.5200    0.4771        50
    class_39     0.6964    0.7800    0.7358        50
    class_40     0.6250    0.7000    0.6604        50
    class_41     0.4634    0.3800    0.4176        50
    class_42     0.4694    0.4600    0.4646        50
    class_43     0.2683    0.2200    0.2418        50
    class_44     0.3684    0.2800    0.3182        50
    class_45     0.5932    0.7000    0.6422        50
    class_46     0.4000    0.4400    0.4190        50
    class_47     0.8378    0.6200    0.7126        50
    class_48     0.4821    0.5400    0.5094        50
    class_49     0.4510    0.4600    0.4554        50
    class_50     0.4259    0.4600    0.4423        50
    class_51     0.3373    0.5600    0.4211        50
    class_52     0.6226    0.6600    0.6408        50
    class_53     0.6667    0.5200    0.5843        50
    class_54     0.3659    0.3000    0.3297        50
    class_55     0.5094    0.5400    0.5243        50
    class_56     0.5098    0.5200    0.5149        50
    class_57     0.3947    0.3000    0.3409        50
    class_58     0.1951    0.1600    0.1758        50
    class_59     0.2727    0.2400    0.2553        50
    class_60     0.4655    0.5400    0.5000        50
    class_61     0.2812    0.1800    0.2195        50
    class_62     0.5526    0.4200    0.4773        50
    class_63     0.4400    0.4400    0.4400        50
    class_64     0.5385    0.2800    0.3684        50
    class_65     0.6230    0.7600    0.6847        50
    class_66     0.4200    0.4200    0.4200        50
    class_67     0.4468    0.4200    0.4330        50
    class_68     0.4889    0.4400    0.4632        50
    class_69     0.2703    0.4000    0.3226        50
    class_70     0.3846    0.4000    0.3922        50
    class_71     0.2419    0.3000    0.2679        50
    class_72     0.6727    0.7400    0.7048        50
    class_73     0.2394    0.3400    0.2810        50
    class_74     0.7551    0.7400    0.7475        50
    class_75     0.4865    0.3600    0.4138        50
    class_76     0.4878    0.4000    0.4396        50
    class_77     0.2836    0.3800    0.3248        50
    class_78     0.4600    0.4600    0.4600        50
    class_79     0.4524    0.3800    0.4130        50
    class_80     0.3200    0.3200    0.3200        50
    class_81     0.4082    0.4000    0.4040        50
    class_82     0.6250    0.5000    0.5556        50
    class_83     0.3810    0.6400    0.4776        50
    class_84     0.4151    0.4400    0.4272        50
    class_85     0.4583    0.4400    0.4490        50
    class_86     0.3514    0.5200    0.4194        50
    class_87     0.4717    0.5000    0.4854        50
    class_88     0.5111    0.4600    0.4842        50
    class_89     0.4468    0.4200    0.4330        50
    class_90     0.4118    0.5600    0.4746        50
    class_91     0.1833    0.2200    0.2000        50
    class_92     0.5185    0.5600    0.5385        50
    class_93     0.4464    0.5000    0.4717        50
    class_94     0.4182    0.4600    0.4381        50
    class_95     0.7447    0.7000    0.7216        50
    class_96     0.2727    0.3000    0.2857        50
    class_97     0.3871    0.2400    0.2963        50
    class_98     0.4194    0.2600    0.3210        50
    class_99     0.5352    0.7600    0.6281        50
   class_100     0.5789    0.6600    0.6168        50
   class_101     0.7027    0.5200    0.5977        50
   class_102     0.2714    0.3800    0.3167        50
   class_103     0.6341    0.5200    0.5714        50
   class_104     0.5312    0.3400    0.4146        50
   class_105     0.4200    0.4200    0.4200        50
   class_106     0.4167    0.3000    0.3488        50
   class_107     0.5059    0.8600    0.6370        50
   class_108     0.4255    0.4000    0.4124        50
   class_109     0.4800    0.4800    0.4800        50
   class_110     0.6750    0.5400    0.6000        50
   class_111     0.2979    0.2800    0.2887        50
   class_112     0.2712    0.3200    0.2936        50
   class_113     0.6429    0.5400    0.5870        50
   class_114     0.2128    0.2000    0.2062        50
   class_115     0.6939    0.6800    0.6869        50
   class_116     0.3333    0.2800    0.3043        50
   class_117     0.3939    0.5200    0.4483        50
   class_118     0.4255    0.4000    0.4124        50
   class_119     0.3208    0.3400    0.3301        50
   class_120     0.4918    0.6000    0.5405        50
   class_121     0.2833    0.3400    0.3091        50
   class_122     0.0588    0.0400    0.0476        50
   class_123     0.6034    0.7000    0.6481        50
   class_124     0.5625    0.3600    0.4390        50
   class_125     0.2059    0.1400    0.1667        50
   class_126     0.4490    0.4400    0.4444        50
   class_127     0.3115    0.3800    0.3423        50
   class_128     0.2000    0.2400    0.2182        50
   class_129     0.2841    0.5000    0.3623        50
   class_130     0.3654    0.3800    0.3725        50
   class_131     0.5366    0.4400    0.4835        50
   class_132     0.8095    0.6800    0.7391        50
   class_133     0.3582    0.4800    0.4103        50
   class_134     0.5797    0.8000    0.6723        50
   class_135     0.5000    0.7400    0.5968        50
   class_136     0.4000    0.4400    0.4190        50
   class_137     0.3860    0.4400    0.4112        50
   class_138     0.4906    0.5200    0.5049        50
   class_139     0.5581    0.4800    0.5161        50
   class_140     0.3833    0.4600    0.4182        50
   class_141     0.6571    0.4600    0.5412        50
   class_142     0.5263    0.6000    0.5607        50
   class_143     0.6389    0.4600    0.5349        50
   class_144     0.3506    0.5400    0.4252        50
   class_145     0.4681    0.4400    0.4536        50
   class_146     0.5000    0.5400    0.5192        50
   class_147     0.2222    0.2400    0.2308        50
   class_148     0.3043    0.1400    0.1918        50
   class_149     0.4444    0.3200    0.3721        50
   class_150     0.4651    0.4000    0.4301        50
   class_151     0.5625    0.5400    0.5510        50
   class_152     0.5714    0.4800    0.5217        50
   class_153     0.5625    0.5400    0.5510        50
   class_154     0.8500    0.6800    0.7556        50
   class_155     0.7308    0.7600    0.7451        50
   class_156     0.3649    0.5400    0.4355        50
   class_157     0.2500    0.2200    0.2340        50
   class_158     0.3103    0.3600    0.3333        50
   class_159     0.6279    0.5400    0.5806        50
   class_160     0.4737    0.7200    0.5714        50
   class_161     0.3514    0.2600    0.2989        50
   class_162     0.6400    0.6400    0.6400        50
   class_163     0.5000    0.4400    0.4681        50
   class_164     0.1429    0.1200    0.1304        50
   class_165     0.6471    0.6600    0.6535        50
   class_166     0.1765    0.0600    0.0896        50
   class_167     0.4000    0.2400    0.3000        50
   class_168     0.2745    0.2800    0.2772        50
   class_169     0.2078    0.3200    0.2520        50
   class_170     0.4259    0.4600    0.4423        50
   class_171     0.1571    0.2200    0.1833        50
   class_172     0.3158    0.4800    0.3810        50
   class_173     0.5000    0.3400    0.4048        50
   class_174     0.4667    0.4200    0.4421        50
   class_175     0.5581    0.4800    0.5161        50
   class_176     0.6170    0.5800    0.5979        50
   class_177     0.5417    0.2600    0.3514        50
   class_178     0.3019    0.3200    0.3107        50
   class_179     0.5263    0.4000    0.4545        50
   class_180     0.2812    0.1800    0.2195        50
   class_181     0.7381    0.6200    0.6739        50
   class_182     0.3590    0.5600    0.4375        50
   class_183     0.5909    0.7800    0.6724        50
   class_184     0.5510    0.5400    0.5455        50
   class_185     0.5000    0.2800    0.3590        50
   class_186     0.1628    0.1400    0.1505        50
   class_187     0.2264    0.2400    0.2330        50
   class_188     0.5000    0.4800    0.4898        50
   class_189     0.4318    0.3800    0.4043        50
   class_190     0.5000    0.5600    0.5283        50
   class_191     0.2414    0.2800    0.2593        50
   class_192     0.3596    0.6400    0.4604        50
   class_193     0.3438    0.4400    0.3860        50
   class_194     0.3953    0.3400    0.3656        50
   class_195     0.6842    0.5200    0.5909        50
   class_196     0.1707    0.1400    0.1538        50
   class_197     0.3284    0.4400    0.3761        50
   class_198     0.4286    0.2400    0.3077        50
   class_199     0.4615    0.6000    0.5217        50

    accuracy                         0.4451     10000
   macro avg     0.4531    0.4451    0.4417     10000
weighted avg     0.4531    0.4451    0.4417     10000
