              precision    recall  f1-score   support

           0     0.6956    0.8226    0.7538      5778
           1     0.6865    0.9245    0.7879      6330
           2     0.9636    0.9825    0.9729      5869
           3     0.9948    0.9968    0.9958      5969
           4     0.9757    0.9868    0.9812      5619
           5     0.9775    0.9395    0.9581      5190
           6     0.9751    0.9893    0.9822      5705
           7     0.9909    0.9966    0.9937      6139
           8     0.9866    0.9915    0.9890      5633
           9     0.9335    0.9831    0.9577      5686
           A     0.9571    0.9878    0.9722      1062
           B     0.9474    0.9722    0.9596       648
           C     0.7806    0.9695    0.8648      1739
           D     0.9208    0.9255    0.9232       779
           E     0.9655    0.9871    0.9762       851
           F     0.7791    0.9847    0.8699      1440
           G     0.9584    0.8770    0.9159       447
           H     0.9341    0.9789    0.9560       521
           I     0.6251    0.5269    0.5718      2048
           J     0.8924    0.9010    0.8967       626
           K     0.6697    0.7644    0.7139       382
           L     0.9058    0.9617    0.9329       810
           M     0.7554    0.9960    0.8591      1485
           N     0.9414    0.9874    0.9639      1351
           O     0.6571    0.5602    0.6048      4156
           P     0.8467    0.9728    0.9054      1397
           Q     0.9039    0.9564    0.9294       413
           R     0.9486    0.9815    0.9648       809
           S     0.8262    0.9715    0.8930      3508
           T     0.9399    0.9429    0.9414      1576
           U     0.7742    0.9815    0.8656      2002
           V     0.6910    0.7500    0.7193       796
           W     0.8745    0.7692    0.8185       806
           X     0.7627    0.7292    0.7456       432
           Y     0.7748    0.8233    0.7983       798
           Z     0.7366    0.6509    0.6911       464
           a     0.9486    0.9422    0.9454      1644
           b     0.9311    0.8875    0.9088       853
           c     0.0000    0.0000    0.0000       432
           d     0.9875    0.9869    0.9872      1683
           e     0.9820    0.9861    0.9840      4092
           f     0.0000    0.0000    0.0000       400
           g     0.8079    0.6214    0.7025       589
           h     0.9727    0.9621    0.9674      1479
           i     0.8125    0.4262    0.5591       427
           j     0.8266    0.7066    0.7619       317
           k     0.7783    0.6781    0.7248       466
           l     0.5890    0.1905    0.2879      2535
           m     0.0000    0.0000    0.0000       464
           n     0.9651    0.9468    0.9559      1898
           o     0.0000    0.0000    0.0000       466
           p     0.8014    0.3179    0.4553       368
           q     0.8364    0.4455    0.5814       505
           r     0.9710    0.9681    0.9696      2320
           s     1.0000    0.0092    0.0181       437
           t     0.9601    0.9575    0.9588      2965
           u     0.7000    0.0145    0.0285       482
           v     0.5957    0.4124    0.4874       468
           w     0.6799    0.8051    0.7373       467
           x     0.7444    0.7745    0.7591       470
           y     0.6902    0.4619    0.5535       381
           z     0.6702    0.5543    0.6068       451

    accuracy                         0.8792    116323
   macro avg     0.7935    0.7513    0.7511    116323
weighted avg     0.8656    0.8792    0.8634    116323
