              precision    recall  f1-score   support

           0     0.9373    0.9679    0.9523      1744
           1     0.9654    0.9629    0.9642      5099
           2     0.9691    0.9590    0.9640      4149
           3     0.9374    0.9192    0.9282      2882
           4     0.9621    0.9655    0.9638      2523
           5     0.9574    0.9522    0.9548      2384
           6     0.9418    0.9494    0.9456      1977
           7     0.9572    0.9525    0.9548      2019
           8     0.9486    0.9566    0.9526      1660
           9     0.9155    0.9379    0.9266      1595

    accuracy                         0.9533     26032
   macro avg     0.9492    0.9523    0.9507     26032
weighted avg     0.9534    0.9533    0.9533     26032
