              precision    recall  f1-score   support

 T-shirt/top     0.8754    0.8850    0.8802      1000
     Trouser     0.9940    0.9930    0.9935      1000
    Pullover     0.8983    0.9100    0.9041      1000
       Dress     0.9401    0.9260    0.9330      1000
        Coat     0.8863    0.9120    0.8990      1000
      Sandal     0.9929    0.9790    0.9859      1000
       Shirt     0.8023    0.7710    0.7863      1000
     Sneaker     0.9561    0.9800    0.9679      1000
         Bag     0.9900    0.9910    0.9905      1000
  Ankle boot     0.9737    0.9640    0.9688      1000

    accuracy                         0.9311     10000
   macro avg     0.9309    0.9311    0.9309     10000
weighted avg     0.9309    0.9311    0.9309     10000
