              precision    recall  f1-score   support

    airplane     0.8376    0.8770    0.8569      1000
  automobile     0.9293    0.9470    0.9381      1000
        bird     0.8531    0.7610    0.8044      1000
         cat     0.7601    0.6180    0.6817      1000
        deer     0.8404    0.8320    0.8362      1000
         dog     0.7300    0.8140    0.7697      1000
        frog     0.8698    0.8950    0.8822      1000
       horse     0.8717    0.8970    0.8842      1000
        ship     0.9188    0.9160    0.9174      1000
       truck     0.8737    0.9340    0.9029      1000

    accuracy                         0.8491     10000
   macro avg     0.8485    0.8491    0.8474     10000
weighted avg     0.8485    0.8491    0.8474     10000
